{
 "cells": [
  {
   "cell_type": "code",
   "execution_count": 1,
   "id": "10b3bfc7",
   "metadata": {},
   "outputs": [],
   "source": [
    "import numpy as np\n",
    "from matplotlib import pyplot as plt\n",
    "from scipy.integrate import solve_ivp\n",
    "from scipy import linalg as la\n",
    "import model as m"
   ]
  },
  {
   "cell_type": "markdown",
   "id": "429dd9a8",
   "metadata": {},
   "source": [
    "NOTE: $D$ apparently is not a 'controllable' variable. So including it in our state equation + cost functional is bad. We changed the model so if you specify `no_dead=True` in the constructor then it will not output $D$ which is fine because we can compute it by subtracting the sum of the other variables from the total initial population. - Jeremy + Henry."
   ]
  },
  {
   "cell_type": "code",
   "execution_count": null,
   "id": "1df7622d",
   "metadata": {},
   "outputs": [],
   "source": [
    "# Define Q and R in our LQR model\n",
    "Q = np.array([[0, 0, 0],\n",
    "             [0, 10, 0],\n",
    "             [0, 0, 0]])\n",
    "\n",
    "R = np.eye(2)\n",
    "\n",
    "tf = 10 # total length of time full solution will be on (so tf = M * tn where M is however many times we linearize)\n",
    "\n",
    "def solve_linearized(A, B, y0, tf):\n",
    "    '''\n",
    "    Solve for control and state given a linearized system on an interval of length tn\n",
    "    x_dot = Ax + Bu\n",
    "    y0 - initial conditions (or last value or previous solution to linearized system)\n",
    "    tn - length of one time that system is linearized on\n",
    "\n",
    "    returns a solution to linerized system for tn years (run solve_linearized multiple times and then\n",
    "    concatenate the solutions together)\n",
    "\n",
    "    Basically one iteration of iterated LQR (?)\n",
    "    '''\n",
    "\n",
    "    # solve continuous algebraic Riccati equation to get P\n",
    "    P = la.solve_continuous_are(A, B, Q, R)\n",
    "\n",
    "    print(P)\n",
    "\n",
    "    # state equation Ax + 1/2 B R^-1 B^T lambda but lambda = -2Px by \n",
    "    def chytrid_evolve(t, y):\n",
    "        return (A @ y - B @ B.T @ P @ y) # no R^-1 since thats just I\n",
    "\n",
    "    #s olve the optimal state evolution, and plot the position & velocity\n",
    "    sol = solve_ivp(chytrid_evolve, [0, tf], y0, dense_output=True)\n",
    "    t = np.linspace(0, tf, 1001)\n",
    "    # S, I, T1, D = sol.sol(t)\n",
    "    S, I, T1 = sol.sol(t)\n",
    "\n",
    "    # can prob just return the solution but just wanted to plot to test\n",
    "    # plt.title(\"Optimal State for Linearized Chytrid\")\n",
    "    # plt.plot(t, S, label=\"Susceptible\")\n",
    "    # plt.plot(t, I, label=\"Infected\")\n",
    "    # plt.plot(t, T1, label=\"In Treatment 1\")\n",
    "    # plt.plot(t, D, label=\"Death\")\n",
    "    # plt.legend()\n",
    "\n",
    "    u = - B.T @ P @ sol.sol(t)  # control\n",
    "\n",
    "    return np.array([S[0], I[0], T1[0]]), u[:, 0]\n",
    "\n",
    "\n",
    "# TODO get sympy to linearize A and B from our model which is imported above with namespace m\n",
    "\n",
    "# (A and B below are DUMMY standins to test if above code would run)\n",
    "A = np.array([[0, 3, 0, 0],\n",
    "             [-2, 1, 6, 6],\n",
    "             [0, 0, 2, 3],\n",
    "             [0, 0, 0, 1]])\n",
    "\n",
    "B = np.array([[1, 0],\n",
    "             [1, 0],\n",
    "             [1, 0],\n",
    "             [1, 1]])\n",
    "\n",
    "# initial guess \n",
    "# TODO: MIGHT NEED AN INITIAL GUESS FOR CONTROL \n",
    "y0 = np.array([475, 25, 0, 0])\n",
    "\n",
    "# test\n",
    "y0 = np.array([475, 25, 0])\n",
    "\n",
    "# TODO determine how often we want to re-linearize our system \n",
    "# TODO figure out how to iterate\n",
    "# solve_linearized(A, B, y0, 10)"
   ]
  },
  {
   "cell_type": "code",
   "execution_count": 3,
   "id": "380253ef",
   "metadata": {},
   "outputs": [
    {
     "name": "stdout",
     "output_type": "stream",
     "text": [
      "<class 'sympy.matrices.dense.MutableDenseMatrix'> Matrix([[-I*S*α + I*u2*η/(100*I + 5000) - S*ζ*(-2*T1/(365*u1) + 1) + T1*γ], [I*S*α - I*u2*η/(100*I + 5000) - I*β - I*ζ*(-2*T1/(365*u1) + 1)], [-T1*γ + ζ*(I + S)*(-2*T1/(365*u1) + 1)]])\n"
     ]
    }
   ],
   "source": [
    "tf = 0.5\n",
    "t_steps = 100\n",
    "t_space = np.linspace(0, tf, t_steps)\n",
    "model = m.Model(seasonal=False, no_dead=True)\n"
   ]
  },
  {
   "cell_type": "code",
   "execution_count": 4,
   "id": "653c90b5",
   "metadata": {},
   "outputs": [
    {
     "name": "stdout",
     "output_type": "stream",
     "text": [
      "[[ 768.94344142  768.94344142  768.77028468]\n",
      " [ 768.94344142 3405.32095485  748.98094339]\n",
      " [ 768.77028468  748.98094339  768.74852813]]\n",
      "[[151.03523051 151.03523051 151.00000734]\n",
      " [151.03523051 668.87030656 146.97450145]\n",
      " [151.00000734 146.97450145 150.99910708]]\n",
      "[[ 596.37457807  596.37457807  596.23705121]\n",
      " [ 596.37457807 2641.08741716  580.51969644]\n",
      " [ 596.23705121  580.51969644  596.22332703]]\n",
      "[[220.86200374 220.86200374 220.80969561]\n",
      " [220.86200374 978.10315944 214.83162312]\n",
      " [220.80969561 214.83162312 220.8077102 ]]\n",
      "[[ 521.65951588  521.65951588  521.53807404]\n",
      " [ 521.65951588 2310.20642748  507.65900604]\n",
      " [ 521.53807404  507.65900604  521.52737245]]\n",
      "[[ 263.92302825  263.92302825  263.86037637]\n",
      " [ 263.92302825 1168.80198223  256.70016151]\n",
      " [ 263.86037637  256.70016151  263.85752811]]\n",
      "[[ 477.7380484   477.7380484   477.62625682]\n",
      " [ 477.7380484  2115.6970715   464.8500756 ]\n",
      " [ 477.62625682  464.8500756   477.61718844]]\n",
      "[[ 293.36832566  293.36832566  293.2986878 ]\n",
      " [ 293.36832566 1299.20258508  285.34007444]\n",
      " [ 293.2986878   285.34007444  293.29516893]]\n",
      "[[ 448.80799806  448.80799806  448.70264343]\n",
      " [ 448.80799806 1987.57827711  436.66211437]\n",
      " [ 448.70264343  436.66211437  448.6945893 ]]\n",
      "[[ 314.4471913   314.4471913   314.37259592]\n",
      " [ 314.4471913  1392.55184716  305.84740993]\n",
      " [ 314.37259592  305.84740993  314.36855821]]\n",
      "[[ 428.70305942  428.70305942  428.60221636]\n",
      " [ 428.70305942 1898.54212027  417.0772957 ]\n",
      " [ 428.60221636  417.0772957   428.59483726]]\n",
      "[[ 329.8699586   329.8699586   329.7917589 ]\n",
      " [ 329.8699586  1460.85267382  320.85464962]\n",
      " [ 329.7917589   320.85464962  329.78732157]]\n",
      "[[ 414.33322963  414.33322963  414.23563056]\n",
      " [ 414.33322963 1834.90430264  403.08145124]\n",
      " [ 414.23563056  403.08145124  414.22871858]]\n",
      "[[ 341.27393375  341.27393375  341.19308133]\n",
      " [ 341.27393375 1511.35599234  331.9528049 ]\n",
      " [ 341.19308133  331.9528049   341.18833785]]\n",
      "[[ 403.90078081  403.90078081  403.80554705]\n",
      " [ 403.90078081 1788.70345786  392.92168881]\n",
      " [ 403.80554705  392.92168881  403.79896603]]\n",
      "[[ 349.74814704  349.74814704  349.66533022]\n",
      " [ 349.74814704 1548.88465117  340.2005513 ]\n",
      " [ 349.66533022  340.2005513   349.66035344]]\n",
      "[[ 396.25793416  396.25793416  396.16443869]\n",
      " [ 396.25793416 1754.85656555  385.47924284]\n",
      " [ 396.16443869  385.47924284  396.15809572]]\n",
      "[[ 356.05878393  356.05878393  355.97450802]\n",
      " [ 356.05878393 1576.83175742  346.34297528]\n",
      " [ 355.97450802  346.34297528  355.96935433]]\n",
      "[[ 390.62829931  390.62829931  390.53608722]\n",
      " [ 390.62829931 1729.92532551  379.99756257]\n",
      " [ 390.53608722  379.99756257  390.52991719]]\n",
      "[[ 360.76179247  360.76179247  360.67643125]\n",
      " [ 360.76179247 1597.65936664  350.92086343]\n",
      " [ 360.67643125  350.92086343  360.67114396]]\n",
      "[[ 386.46768854  386.46768854  386.37642655]\n",
      " [ 386.46768854 1711.49976354  375.94648509]\n",
      " [ 386.37642655  375.94648509  386.37038302]]\n",
      "[[ 364.26707282  364.26707282  364.18090385]\n",
      " [ 364.26707282 1613.18275108  354.33302151]\n",
      " [ 364.18090385  354.33302151  364.17551603]]\n",
      "[[ 383.38625859  383.38625859  383.29570115]\n",
      " [ 383.38625859 1697.85343088  372.94628009]\n",
      " [ 383.29570115  372.94628009  383.28975057]]\n",
      "[[ 366.87918608  366.87918608  366.79241582]\n",
      " [ 366.87918608 1624.75068119  356.87581459]\n",
      " [ 366.79241582  356.87581459  366.78695254]]\n",
      "[[ 381.10096005  381.10096005  381.01092563]\n",
      " [ 381.10096005 1687.73282309  370.72127725]\n",
      " [ 381.01092563  370.72127725  381.00504358]]\n",
      "[[ 368.8251821   368.8251821   368.73796424]\n",
      " [ 368.8251821  1633.36866357  358.77020886]\n",
      " [ 368.73796424  358.77020886  368.73244445]]\n",
      "[[ 379.40455879  379.40455879  379.31491287]\n",
      " [ 379.40455879 1680.22018891  369.06966519]\n",
      " [ 379.31491287  369.06966519  379.30908147]]\n",
      "[[ 370.27451794  370.27451794  370.18696691]\n",
      " [ 370.27451794 1639.78715087  360.18113558]\n",
      " [ 370.18696691  360.18113558  370.18140488]]\n",
      "[[ 378.1445262   378.1445262   378.055169  ]\n",
      " [ 378.1445262  1674.64004458  367.84291774]\n",
      " [ 378.055169    367.84291774  378.0493751 ]]\n",
      "[[ 371.35367781  371.35367781  371.26587882]\n",
      " [ 371.35367781 1644.56628744  361.23170903]\n",
      " [ 371.26587882  361.23170903  371.26028524]]\n",
      "[[ 377.20821649  377.20821649  377.11907392]\n",
      " [ 377.20821649 1670.49353018  366.93135115]\n",
      " [ 377.11907392  366.93135115  377.11330782]]\n",
      "[[ 372.15703736  372.15703736  372.06905385]\n",
      " [ 372.15703736 1648.12402262  362.01379496]\n",
      " [ 372.06905385  362.01379496  372.06343673]]\n",
      "[[ 376.5122528   376.5122528   376.4232698 ]\n",
      " [ 376.5122528  1667.41140524  366.25378438]\n",
      " [ 376.4232698   366.25378438  376.41752433]]\n",
      "[[ 372.7549799   372.7549799   372.66685907]\n",
      " [ 372.7549799  1650.77205384  362.59590736]\n",
      " [ 372.66685907  362.59590736  372.6612244 ]]\n",
      "[[ 375.99483014  375.99483014  375.9059658 ]\n",
      " [ 375.99483014 1665.11996204  365.75004202]\n",
      " [ 375.9059658   365.75004202  375.90023565]]\n",
      "[[ 373.19996978  373.19996978  373.11174679]\n",
      " [ 373.19996978 1652.74272332  363.02911856]\n",
      " [ 373.11174679  363.02911856  373.10609904]]\n",
      "[[ 375.61008764  375.61008764  375.52131156]\n",
      " [ 375.61008764 1663.41610241  365.37547345]\n",
      " [ 375.52131156  365.37547345  375.51559278]]\n",
      "[[ 373.53109732  373.53109732  373.44279831]\n",
      " [ 373.53109732 1654.20914529  363.3514825 ]\n",
      " [ 373.44279831  363.3514825   373.43714083]]\n",
      "[[ 375.32397139  375.32397139  375.23526095]\n",
      " [ 375.32397139 1662.14901617  365.096924  ]\n",
      " [ 375.23526095  365.096924    375.22955062]]\n",
      "[[ 373.77747742  373.77747742  373.68912185]\n",
      " [ 373.77747742 1655.30025713  363.59134256]\n",
      " [ 373.68912185  363.59134256  373.68345712]]\n",
      "[[ 375.11118219  375.11118219  375.02252056]\n",
      " [ 375.11118219 1661.206664    364.88976284]\n",
      " [ 375.02252056  364.88976284  375.01681652]]\n",
      "[[ 373.9607888   373.9607888   373.87239116]\n",
      " [ 373.9607888  1656.1120647   363.76980329]\n",
      " [ 373.87239116  363.76980329  373.86672103]]\n",
      "[[ 374.95291822  374.95291822  374.86429291]\n",
      " [ 374.95291822 1660.50578071  364.73568504]\n",
      " [ 374.86429291  364.73568504  374.85859353]]\n",
      "[[ 374.09716962  374.09716962  374.00874067]\n",
      " [ 374.09716962 1656.71603688  363.90257549]\n",
      " [ 374.00874067  363.90257549  374.00306653]]\n",
      "[[ 374.83520285  374.83520285  374.74660454]\n",
      " [ 374.83520285 1659.98446976  364.62108346]\n",
      " [ 374.74660454  364.62108346  374.74090864]]\n",
      "[[ 374.1986313   374.1986313   374.11017907]\n",
      " [ 374.1986313  1657.16536719  364.00135262]\n",
      " [ 374.11017907  364.00135262  374.10450194]]\n",
      "[[ 374.74764439  374.74764439  374.65906618]\n",
      " [ 374.74764439 1659.59671089  364.53584117]\n",
      " [ 374.65906618  364.53584117  374.65337286]]\n",
      "[[ 374.27411263  374.27411263  374.18564308]\n",
      " [ 374.27411263 1657.49964166  364.07483688]\n",
      " [ 374.18564308  364.07483688  374.17996372]]\n",
      "[[ 374.68251558  374.68251558  374.59395231]\n",
      " [ 374.68251558 1659.30828329  364.47243524]\n",
      " [ 374.59395231  364.47243524  374.58826091]]\n",
      "[[ 374.33026507  374.33026507  374.24178263]\n",
      " [ 374.33026507 1657.74831675  364.12950367]\n",
      " [ 374.24178263  364.12950367  374.23610162]]\n",
      "[[ 374.63406982  374.63406982  374.54551767]\n",
      " [ 374.63406982 1659.09373779  364.42527107]\n",
      " [ 374.54551767  364.42527107  374.5398277 ]]\n",
      "[[ 374.37203766  374.37203766  374.28354563]\n",
      " [ 374.37203766 1657.93330962  364.17017108]\n",
      " [ 374.28354563  364.17017108  374.27786339]]\n",
      "[[ 374.59803321  374.59803321  374.50948932]\n",
      " [ 374.59803321 1658.93414709  364.39018779]\n",
      " [ 374.50948932  364.39018779  374.50380042]]\n",
      "[[ 374.40311253  374.40311253  374.31461337]\n",
      " [ 374.40311253 1658.07092693  364.20042383]\n",
      " [ 374.31461337  364.20042383  374.30893022]]\n",
      "[[ 374.57122695  374.57122695  374.48268921]\n",
      " [ 374.57122695 1658.81543364  364.36409068]\n",
      " [ 374.48268921  364.36409068  374.4770011 ]]\n",
      "[[ 374.42622913  374.42622913  374.33772467]\n",
      " [ 374.42622913 1658.17330043  364.22292884]\n",
      " [ 374.33772467  364.22292884  374.33204083]]\n",
      "[[ 374.55128665  374.55128665  374.46275349]\n",
      " [ 374.55128665 1658.72712661  364.3446779 ]\n",
      " [ 374.46275349  364.3446779   374.45706597]]\n",
      "[[ 374.44342546  374.44342546  374.35491705]\n",
      " [ 374.44342546 1658.24945561  364.23967023]\n",
      " [ 374.35491705  364.23967023  374.3492327 ]]\n",
      "[[ 374.53645364  374.53645364  374.44792389]\n",
      " [ 374.53645364 1658.66143757  364.3302373 ]\n",
      " [ 374.44792389  364.3302373   374.4422368 ]]\n",
      "[[ 374.45621767  374.45621767  374.36770633]\n",
      " [ 374.45621767 1658.30610685  364.25212401]\n",
      " [ 374.36770633  364.25212401  374.36202161]]\n",
      "[[ 374.52541975  374.52541975  374.43689253]\n",
      " [ 374.52541975 1658.6125732   364.31949531]\n",
      " [ 374.43689253  364.31949531  374.43120577]]\n",
      "[[ 374.46573367  374.46573367  374.37722014]\n",
      " [ 374.46573367 1658.34824911  364.26138825]\n",
      " [ 374.37722014  364.26138825  374.37153514]]\n",
      "[[ 374.51721191  374.51721191  374.42868657]\n",
      " [ 374.51721191 1658.57622416  364.3115046 ]\n",
      " [ 374.42868657  364.3115046   374.42300004]]\n",
      "[[ 374.4728125   374.4728125   374.38429735]\n",
      " [ 374.4728125  1658.37959823  364.26827981]\n",
      " [ 374.38429735  364.26827981  374.37861214]]\n",
      "[[ 374.51110627  374.51110627  374.42258233]\n",
      " [ 374.51110627 1658.54918492  364.3055605 ]\n",
      " [ 374.42258233  364.3055605   374.41689599]]\n",
      "[[ 374.47807835  374.47807835  374.38956199]\n",
      " [ 374.47807835 1658.40291841  364.27340635]\n",
      " [ 374.38956199  364.27340635  374.38387662]]\n",
      "[[ 374.50656442  374.50656442  374.41804152]\n",
      " [ 374.50656442 1658.529071    364.3011388 ]\n",
      " [ 374.41804152  364.3011388   374.41235531]]\n",
      "[[ 374.48199554  374.48199554  374.39347828]\n",
      " [ 374.48199554 1658.42026595  364.2772199 ]\n",
      " [ 374.39347828  364.2772199   374.38779279]]\n",
      "[[ 374.50318583  374.50318583  374.4146637 ]\n",
      " [ 374.50318583 1658.51410866  364.29784959]\n",
      " [ 374.4146637   364.29784959  374.4089776 ]]\n",
      "[[ 374.48490947  374.48490947  374.39639154]\n",
      " [ 374.48490947 1658.43317052  364.28005675]\n",
      " [ 374.39639154  364.28005675  374.39070597]]\n",
      "[[ 374.50067256  374.50067256  374.41215101]\n",
      " [ 374.50067256 1658.50297847  364.29540281]\n",
      " [ 374.41215101  364.29540281  374.40646498]]\n",
      "[[ 374.4870771   374.4870771   374.39855867]\n",
      " [ 374.4870771  1658.44277002  364.28216703]\n",
      " [ 374.39855867  364.28216703  374.39287304]]\n",
      "[[ 374.49880299  374.49880299  374.41028187]\n",
      " [ 374.49880299 1658.49469894  364.2935827 ]\n",
      " [ 374.41028187  364.2935827   374.40459589]]\n",
      "[[ 374.48868957  374.48868957  374.40017077]\n",
      " [ 374.48868957 1658.44991094  364.28373683]\n",
      " [ 374.40017077  364.28373683  374.39448509]]\n",
      "[[ 374.49741225  374.49741225  374.40889145]\n",
      " [ 374.49741225 1658.48853994  364.29222875]\n",
      " [ 374.40889145  364.29222875  374.40320551]]\n",
      "[[ 374.48988905  374.48988905  374.40136998]\n",
      " [ 374.48988905 1658.45522294  364.28490459]\n",
      " [ 374.40136998  364.28490459  374.39568426]]\n",
      "[[ 374.4963777   374.4963777   374.40785714]\n",
      " [ 374.4963777  1658.48395838  364.29122157]\n",
      " [ 374.40785714  364.29122157  374.40217123]]\n",
      "[[ 374.49078133  374.49078133  374.40226205]\n",
      " [ 374.49078133 1658.45917445  364.28577326]\n",
      " [ 374.40226205  364.28577326  374.39657631]]\n",
      "[[ 374.49560812  374.49560812  374.40708773]\n",
      " [ 374.49560812 1658.48055024  364.29047235]\n",
      " [ 374.40708773  364.29047235  374.40140185]]\n",
      "[[ 374.49144508  374.49144508  374.40292565]\n",
      " [ 374.49144508 1658.46211391  364.28641945]\n",
      " [ 374.40292565  364.28641945  374.39723989]]\n",
      "[[ 374.49503564  374.49503564  374.40651539]\n",
      " [ 374.49503564 1658.47801499  364.28991502]\n",
      " [ 374.40651539  364.28991502  374.40082952]]\n",
      "[[ 374.49193883  374.49193883  374.40341929]\n",
      " [ 374.49193883 1658.46430053  364.28690014]\n",
      " [ 374.40341929  364.28690014  374.39773351]]\n",
      "[[ 374.49460979  374.49460979  374.40608963]\n",
      " [ 374.49460979 1658.47612906  364.28950043]\n",
      " [ 374.40608963  364.28950043  374.40040378]]\n",
      "[[ 374.49230612  374.49230612  374.4037865 ]\n",
      " [ 374.49230612 1658.46592711  364.28725771]\n",
      " [ 374.4037865   364.28725771  374.39810071]]\n",
      "[[ 374.494293    374.494293    374.40577292]\n",
      " [ 374.494293   1658.47472615  364.28919203]\n",
      " [ 374.40577292  364.28919203  374.40008707]]\n",
      "[[ 374.49257935  374.49257935  374.40405966]\n",
      " [ 374.49257935 1658.4671371   364.28752371]\n",
      " [ 374.40405966  364.28752371  374.39837386]]\n",
      "[[ 374.49405735  374.49405735  374.40553732]\n",
      " [ 374.49405735 1658.47368255  364.28896261]\n",
      " [ 374.40553732  364.28896261  374.39985148]]\n",
      "[[ 374.49278259  374.49278259  374.40426286]\n",
      " [ 374.49278259 1658.46803719  364.28772158]\n",
      " [ 374.40426286  364.28772158  374.39857705]]\n",
      "[[ 374.49388205  374.49388205  374.40536206]\n",
      " [ 374.49388205 1658.47290623  364.28879195]\n",
      " [ 374.40536206  364.28879195  374.39967623]]\n",
      "[[ 374.49293378  374.49293378  374.40441401]\n",
      " [ 374.49293378 1658.46870675  364.28786877]\n",
      " [ 374.40441401  364.28786877  374.39872821]]\n",
      "[[ 374.49375165  374.49375165  374.40523169]\n",
      " [ 374.49375165 1658.47232874  364.288665  ]\n",
      " [ 374.40523169  364.288665    374.39954586]]\n",
      "[[ 374.49304625  374.49304625  374.40452645]\n",
      " [ 374.49304625 1658.46920482  364.28797826]\n",
      " [ 374.40452645  364.28797826  374.39884065]]\n",
      "[[ 374.49365465  374.49365465  374.40513471]\n",
      " [ 374.49365465 1658.47189916  364.28857056]\n",
      " [ 374.40513471  364.28857056  374.39944889]]\n",
      "[[ 374.49312991  374.49312991  374.4046101 ]\n",
      " [ 374.49312991 1658.46957533  364.28805971]\n",
      " [ 374.4046101   364.28805971  374.39892429]]\n",
      "[[ 374.49358249  374.49358249  374.40506257]\n",
      " [ 374.49358249 1658.4715796   364.28850031]\n",
      " [ 374.40506257  364.28850031  374.39937675]]\n",
      "[[ 374.49319215  374.49319215  374.40467232]\n",
      " [ 374.49319215 1658.46985095  364.2881203 ]\n",
      " [ 374.40467232  364.2881203   374.39898651]]\n",
      "[[ 374.49352881  374.49352881  374.40500891]\n",
      " [ 374.49352881 1658.47134189  364.28844806]\n",
      " [ 374.40500891  364.28844806  374.39932308]]\n",
      "[[ 374.49323845  374.49323845  374.4047186 ]\n",
      " [ 374.49323845 1658.47005597  364.28816537]\n",
      " [ 374.4047186   364.28816537  374.39903279]]\n",
      "[[ 374.49348888  374.49348888  374.40496899]\n",
      " [ 374.49348888 1658.47116506  364.28840918]\n",
      " [ 374.40496899  364.28840918  374.39928316]]\n",
      "(100, 3) (100, 2)\n"
     ]
    },
    {
     "data": {
